$ANSIBLE_VAULT;1.1;AES256
63323139313261313837333430333330366639386266613037373462643235343134653731353539
6462386561653532653333393966346136393063336234640a623438323433306366373862313337
65636239336339373865366263373165343838376438643538353763653439326230313936333932
3030353835656434380a623463396162313436373336393562336338373436376363363532633839
36376361396265333561643463396533636165353134393531663236343130356238396166333439
38336437346662366132383939363662663637363734303132643561326461363131613066653463
38656539646336376535356662373634313234353662343938653139376539313965663936666162
36656634633635363436373931376237393035373537633038616637653861623938663037653562
64623830336632353635383735343565336661313563306463623633386639386363353131616366
65336563353363393432346136613537646331373732343362386339326339616166653865623232
30393232663865333033633462623765323632383264623437613864636464393738646439623964
37346530363138613938623336393863666130623861363666363930373131383066616530353630
39376462346161666432353034343762323866626431663431373135316439636436393530336464
36666264633066373763626330626339323138636234633066373331653262633036366333323630
31303936343937623330656630333062663565353435616665616536313730383965653737366565
32633838353539393565386464356366343935613765356138386533323231636634373065313231
36353639396666336336353839376664303532633163343964613364623661646239306136656665
38623934363461393764393434373264663465343562363532613137656162656439666238356339
65633337346264343333383930663339626531353838616432623238663663303661383933363938
30613863393136343565616563626633353135353864366132306562663965656637623665383961
61333637313330393465306264333930386464393631343035373363313664663364343761313935
32306331393163393632313535633036623435356230323137663036313233376630656138663330
62613930353734623030623533623235326434326364363135666534326265373337393963343563
31383830383331323033356366623734323062363932356331333031373861313535346136643434
32323765643739316262333661336366346664366133363063333939653337343633616464393063
34613065363731326430346134613232343035616265316462323530326465396464343132653932
66326433646361303334353034646237356562326134646666653534613931653230663232303364
30323361663264376236353931343834383632363963636666333035613233386266383237396433
62613238636230326366396435376332386265363631326535663830313130326139376564313835
66343131383163373366346338333834373237333038343738373566376637366630333732306161
38346265303266396165313134353235366164363362396133666436383464313163326630306465
39653234383230656162323666333361633531643064316462373235623739376131646661636332
62376561626335643833363636393239363836346561383866643839303038313161323334373131
38636364393732316162393839356134333164633966373461653132613936363633656264356232
32376662333933353163326564376535373562323034343138343962316264303335383466636334
34313334343737323231633435356166663564323164393264653534353338616432656264323632
65616366326334656633393639323434363966373862616461643064353962653838336439366363
66373234653332633363353061303639646263626661383261616538323061666534633961323235
34393731363234643636616437626161663464313030666661303233356437346439613330393439
62346432373938323865313436633231393132316235353035373339653364396233373430376662
35613465346135383036393730373039623231386138336366623338626139386233663436353562
66356233343264363165653965333937343336373930616433613739373738623037303031323066
65383837336239656331356166666331346265303963656564326461343432343534626666306538
39313661636661306238363239626639333037643236383764333839316336613939323637303738
64376632633736306239306236316464333935613936613939343135343534343930313664646534
35343831383834663261336639343862396636373332363861373965633062646163306235333332
37366636316665363739363433653533363165306232653362653531373733326437396637363732
35353133383630633539636330633636373232323634326634656661316336326262633433656435
65363364363034666665396638363462303933646366373538633630356364353335393663376363
39326639336530373235326430613633383639353334303335336166353064623731316634386439
33656133616162353463353838303665663033383637666637643962346161356238663231376336
65326162326330393239356234386432616564396635353265303739663035643239343165336165
61323463336661376237376364636537363931613564363434336464343561646663356166343035
35316134626530336131383330313063316166613332346162376539303832626166333438633762
65373434356230613539653236626462366231323133636464343666383139376661656330623161
61373830633631316565396135373965386363313563653562376364346132396666323236356532
32616337643733616532303965303632653339623364376338646662643066633634663065356666
34313034333761393966383037383933353065383263396462376161303034373631396661666537
61613839666639346162633234633338383234326265636335356534363166663861633731306366
61633035616434373963653361633334396133353130373833353639336466613537393638653935
31626237383839613934363037613361333262336232353031396561363934656334656163616566
39373131623962343364643334326436323431386435616664353465306233396230386137356166
30643531306234366336653864336363333731653463376239663665653461336530353038656563
35386333343839323064633436393531616163623464336532643865633861643061663033613336
33613330306464656430373936326134303366316563333630656264323333643533333032663463
36303537373239316432663361343162336435653738353661393538356464393433373932656533
66656436666233396133386634313731393831313032323766343439666561656666633536326636
61633235353832363037386139663661303836303237316232356361633830666634626539396663
36383161393138326563346637633738383462663533386163323239626561623631626535313535
31323164626233393237643163633666656637326236626235343034393164633539623830656238
32373439666462656262396632343261316232313262373065316136616433316162346130393539
66323865353965633666633338396537623330353231393634303365386331333234393239303064
63653336613738626432313562666365386230313831643533376232393338663731653930646133
30343564653266393130306563613766393731376362326665326565303062353532343236323161
31643337363138616632396633643266663161303463323930636334323336623965663863303436
64366135353333333732313933336631383863643032623730373336643539396536336238366563
63366333313933663332323637356634333138333539343838666537633638323032666634616566
66633635646364343865626437356133636337363834363663353438366538313834386261366539
38336666643131363133343437326531373132303565386238656666383234363262383032653161
64346230303230646666376231626366366264616361656138393637646266313065303031323737
61303637356437393861376432613662306262383032623964313539636564653063393766313531
30303631653830633236633462666662303562646239616264373632353739356462376536386165
33366566663034663962313638633265326332383964326637393034643363376165306136303730
62373436323339373165373437653736353237653139633731336436326437363531626337616163
66613336643937363661613235306366366264323566336133656233366661616336626561393238
35623431333233373837356133623866356239343234343235646661653539633237363531393861
37373964343732373633323330316333653136353735363931656234643835643935333964336432
61623763666666363635383332313234373438366465643732333265346538316332373831353563
38313034666233633064613966383338643666363165663363386163316165663733333334323563
61326563656662313630396466353536616663393330613164386537373065616239323837653634
66653964363638663765396234306537303366643833633734383530643234623431613735353435
34326363633262393962653365343263356632666432376538613964366464643133353631366139
63306662363631373135356161633638376663316533323034666236396161616366353539626363
62376162616234653638313631646162663432333763393062386237366462333766316166376363
34616639626332643565366331666563346335613533636437646362613330326164316532336635
35666363313932326138326339613765623662396633396431346432386139353535666433323935
31316335386439376165306263396165643462346666316565313030353363353162353162353736
65386338343761326438663736383366666361626235326565306435346563373332343134343638
39373066653338313663373838373866623362356338303066373766383839663737323139383663
34356439303663613665346534613565663132333665363465363337343864323665623934353066
61326164323161633765653731376438633363666564376463613564663934653735396332353866
31313535363836343432316464663235666238633934353139646134613538623436633733363236
65363561363038656633323036613132366537306134646637633061626139363266363961336332
64333265303661393137653838316532643432646635323465646137663037353761356534646538
32383261616232383966306235633532326262353434363632656564613233343439626464623862
30383935306232373032653531623034613934313966346539323238663032373962353534396231
39636133646336343535353065656130653831376334316431386138363231663865326666323731
32333366633937383836393535663937393066386338666436376336623935333364373834643235
30663666353236623239346539396361323436616338316665633235306638343337613463663064
32653935356332383865353337333738663434393536633162336665616238326330366235393562
36303837373762616130366634386664613937653433373432363730646462313661376366356465
30363865656639663066616466353466663162333762646263326236653763633036643638303630
65393264383765616264663137666262393662323335376135323634343731623263346639386365
63313264333464333031643538393466643865313230643938373431306131353265303135663862
32636566653030393834386632636365363737663862356664313339383731343932636339316537
63376234373736653935643336313736316535343334363461363365336432613765373736643430
34613162353065633366666463623931663065313964396635376637633461323035386236333063
35396539643963383832653738333136366133333031363531396636383636626633643733323861
31636231643834336634393931613034656263633335626438643136303230303864306634346366
66646637353832636462346466326130353837633962336665326231383339653161666231373031
37323938333336626539333064616661383932333665636133633132653439653933313934383863
66663430326539663564376635356237633132346435396462636666393432316262663234343539
64616665343939323466306631303462653631626566363830653764653365323730333863613635
32613235623930326535316265333235353735313161323361633965386339633734336431613831
61653531663232353836343733346166316666323831623633373034393535346664643963616531
31666635366537363936356331346439393332613766393231613237353232386364363337663366
65646563656438333035623837666538663137383839653765333331353639643365626439333931
32613061353161383666373438663361383632376230376133643463626332613636323664613433
38666465623961383338663934376162303163666535393738386166343235396664393730373337
65343064343333323430383732393532313262313834373962363462303935366333616665383563
36626432396365633161303362613231373863353035656437623737373031393331373532306539
62306661656662613038333331626137303461333665313136656562343038616361386136396533
64613434373061623662326231626662356136303638623331343730633236626533323261326666
35653239663764616265353662353132326130646338616261313932383566633431346531303731
646133343539616434613130356561613661
